Spel: 9
N/OW
18,  19,  21,  26,  2,  12,  32,  34,  35,  42,  44,  48,  52,  15,  25,  3,  6,  8,  9,  29,  36,  37,  39,  47,  49,  51,  14,  16,  17,  24,  7,  27,  28,  31,  38,  40,  41,  45,  46,  20,  22,  23,  1,  4,  5,  10,  11,  13,  30,  33,  43,  50

Spel: 10
O/Allen
17,  19,  21,  26,  3,  6,  10,  29,  39,  47,  49,  50,  51,  18,  20,  22,  23,  24,  1,  4,  8,  12,  32,  38,  41,  48,  15,  16,  7,  9,  11,  27,  28,  33,  34,  35,  40,  42,  46,  14,  25,  2,  5,  13,  30,  31,  36,  37,  43,  44,  45,  52

Spel: 11
Z/--
18,  21,  22,  24,  2,  5,  10,  39,  40,  41,  42,  45,  48,  14,  15,  19,  20,  4,  8,  11,  27,  31,  35,  38,  43,  44,  26,  1,  6,  7,  13,  29,  32,  33,  34,  37,  50,  51,  52,  16,  17,  23,  25,  3,  9,  12,  28,  30,  36,  46,  47,  49

Spel: 12
W/NZ
15,  18,  20,  7,  9,  10,  11,  34,  37,  44,  45,  48,  49,  14,  17,  21,  22,  24,  25,  4,  28,  33,  35,  38,  40,  43,  23,  2,  5,  8,  12,  27,  30,  32,  36,  39,  46,  50,  51,  16,  19,  26,  1,  3,  6,  13,  29,  31,  41,  42,  47,  52

Spel: 13
N/Allen
17,  20,  23,  24,  25,  26,  5,  10,  13,  29,  35,  38,  47,  18,  1,  8,  9,  11,  30,  32,  34,  39,  40,  42,  45,  52,  14,  15,  19,  22,  3,  6,  7,  12,  27,  36,  41,  44,  46,  16,  21,  2,  4,  28,  31,  33,  37,  43,  48,  49,  50,  51

Spel: 14
O/--
19,  20,  5,  6,  10,  12,  30,  31,  32,  33,  34,  38,  45,  14,  23,  1,  2,  7,  11,  37,  40,  41,  48,  49,  50,  52,  15,  16,  17,  18,  21,  22,  24,  3,  8,  28,  43,  46,  47,  25,  26,  4,  9,  13,  27,  29,  35,  36,  39,  42,  44,  51

Spel: 15
Z/NZ
19,  22,  26,  3,  6,  10,  27,  31,  34,  36,  43,  46,  51,  17,  18,  23,  25,  9,  12,  28,  29,  32,  39,  44,  48,  50,  14,  15,  21,  24,  2,  5,  13,  33,  37,  38,  40,  47,  52,  16,  20,  1,  4,  7,  8,  11,  30,  35,  41,  42,  45,  49


Spel: 16
W/OW
15,  16,  23,  26,  11,  27,  28,  31,  39,  42,  46,  47,  52,  14,  21,  3,  7,  13,  32,  33,  34,  38,  41,  48,  50,  51,  17,  19,  20,  22,  24,  25,  1,  2,  5,  12,  30,  36,  45,  18,  4,  6,  8,  9,  10,  29,  35,  37,  40,  43,  44,  49

